 z=read.table("clipboard",header=T)//copy the exact data in excel
 km <- kmeans(z[,1:20], 3)//use build-in Kmeans function
> km//print km results
australia:
K-means clustering with 3 clusters of sizes 3, 1, 3

Cluster means:
  X0.180516227 X0.08646507 X0.074916973 X0.21363398 X0.089926004 X0.022245528
1    0.1930179  0.08859884   0.06801706   0.2072573   0.08023414   0.02432832
2    0.1977069  0.09738535   0.05292226   0.1895274   0.08144575   0.02684564
3    0.1894512  0.08532317   0.06249958   0.2129467   0.07440448   0.02278345
  X0.05292781 X0.034760823 X0.024331411 X0.010755695 X0.06710948 X0.032080639
1  0.04604515   0.03160270   0.02890321  0.007948770  0.05590636   0.02659896
2  0.05075503   0.03516499   0.02730006  0.010906040  0.06582075   0.03145973
3  0.04129962   0.03080390   0.03250740  0.007297389  0.06079394   0.02491030
  X0.014706054 X0.008133776 X0.002994814 X0.006618889 X0.03161452 X0.010231312
1  0.011753439  0.005038814  0.001473511  0.004839403  0.05205692   0.01763355
2  0.009962248  0.006921141  0.001572987  0.004963647  0.05078999   0.01730285
3  0.012544680  0.006153076  0.001317422  0.005318942  0.05286823   0.01740738
  X0.035774631
1   0.04868707
2   0.04100252
3   0.05884984

Clustering vector:
[1] 3 2 1 1 3 3 1

Within cluster sum of squares by cluster:
[1] 0.0003007522 0.0000000000 0.0003980701
 (between_SS / total_SS =  66.4 %)

Cluster means:
  X0.180516227 X0.08646507 X0.074916973 X0.21363398 X0.089926004 X0.022245528
1    0.1931894  0.08778909   0.06344513   0.2077994   0.07439268   0.02248808
2    0.1954186  0.09179037   0.07087596   0.2105190   0.08476452   0.02604106
3    0.1824768  0.08217468   0.06269010   0.2214333   0.07944770   0.02228767
4    0.1977069  0.09738535   0.05292226   0.1895274   0.08144575   0.02684564
  X0.05292781 X0.034760823 X0.024331411 X0.010755695 X0.06710948 X0.032080639
1  0.04231533   0.03007717   0.03340357  0.007428248  0.05947647   0.02488186
2  0.04892457   0.03148230   0.02656538  0.007468599  0.05512316   0.02644886
3  0.04148307   0.03201855   0.02731800  0.007975465  0.06048061   0.02615618
4  0.05075503   0.03516499   0.02730006  0.010906040  0.06582075   0.03145973
  X0.014706054 X0.008133776 X0.002994814 X0.006618889 X0.03161452 X0.010231312
1  0.012392138  0.005822487  0.001287960  0.004947033  0.05423323   0.01792948
2  0.011453406  0.004986834  0.001281663  0.005045091  0.04500967   0.01391187
3  0.012379220  0.006184537  0.001704679  0.005781197  0.05143211   0.01725988
4  0.009962248  0.006921141  0.001572987  0.004963647  0.05078999   0.01730285
  X0.035774631
1   0.05619959
2   0.04281919
3   0.05919449
4   0.04100252

Clustering vector:
[1] 3 4 1 2 1 1

Within cluster sum of squares by cluster:
[1] 0.0002530363 0.0000000000 0.0000000000 0.0000000000
 (between_SS / total_SS =  87.3 %)
 china:
 K-means clustering with 3 clusters of sizes 11, 6, 14

Cluster means:
  X0.168010551 X0.071490663 X0.097089416 X0.27460208 X0.091214292 X0.027367285
1    0.1376818   0.06401914   0.08348509   0.3045734   0.09546547   0.03630313
2    0.1641097   0.06412743   0.06674532   0.2708629   0.07900616   0.02804871
3    0.1555751   0.06886591   0.07773477   0.2599017   0.08805584   0.03101018
  X0.028896016 X0.026348131 X0.022721141 X0.008632835 X0.068283325 X0.024219897
1   0.03718195   0.02797324   0.01921735  0.008016706   0.05531919   0.02082296
2   0.04616926   0.02795023   0.02470672  0.009365601   0.05273630   0.02368660
3   0.03602938   0.03170496   0.02175294  0.009046683   0.06541027   0.02731136
  X0.012739426 X0.004945895 X0.003117413 X0.00989179 X0.029105842 X0.006174875
1  0.008725158  0.006578496  0.004537142 0.005580722   0.04459191  0.009305178
2  0.011481636  0.009643654  0.005862725 0.005367126   0.05734575  0.008874500
3  0.013579916  0.010896799  0.006370233 0.007074048   0.04811291  0.007992430
  X0.025029226
1   0.03057623
2   0.04374964
3   0.03342494

Clustering vector:
 [1] 3 3 1 3 2 3 1 2 3 2 3 1 1 3 3 3 3 3 1 1 2 3 1 1 2 1 3 2 3 1 1

Within cluster sum of squares by cluster:
[1] 0.015456196 0.006506805 0.013151969
 (between_SS / total_SS =  38.7 %)
K-means clustering with 14 clusters of sizes 4, 2, 3, 1, 1, 4, 3, 3, 1, 1, 1, 3, 1, 3

Cluster means:
   X0.168010551 X0.071490663 X0.097089416 X0.27460208 X0.091214292 X0.027367285
1     0.1335214   0.06532654   0.09444202   0.3105385   0.09144206   0.04149248
2     0.1491332   0.06332062   0.07212746   0.3003752   0.09285228   0.02816912
3     0.1636818   0.06247046   0.07469463   0.2736400   0.08895094   0.03536375
4     0.1174126   0.06008584   0.06591048   0.2995095   0.13887186   0.02881668
5     0.1493506   0.06515151   0.09664502   0.2651515   0.08365801   0.03517316
6     0.1525950   0.06592150   0.08383557   0.2699487   0.08613182   0.02732881
7     0.1500714   0.06854544   0.07227541   0.2725372   0.08628076   0.02540570
8     0.1495299   0.06627380   0.09015519   0.3036922   0.09153401   0.03257879
9     0.1568166   0.07270643   0.08211905   0.2331433   0.09714303   0.03909856
10    0.1751020   0.05959184   0.05224490   0.2812245   0.07755102   0.02938776
11    0.1420205   0.06588580   0.07271840   0.2679356   0.06100537   0.01854563
12    0.1569592   0.07352362   0.07209239   0.2515440   0.08892884   0.03697704
13    0.1161457   0.05735589   0.05993691   0.2968167   0.08517350   0.05047319
14    0.1723011   0.06941571   0.06416728   0.2477960   0.08348412   0.02589168
   X0.028896016 X0.026348131 X0.022721141 X0.008632835 X0.068283325
1    0.03774795   0.02741114   0.01838492  0.008931334   0.05413117
2    0.04105139   0.02850260   0.01624727  0.007817295   0.05329048
3    0.05048455   0.02975740   0.02332945  0.007887771   0.05312459
4    0.02881668   0.01808706   0.02329859  0.007357449   0.10668302
5    0.03095238   0.03517316   0.02207792  0.004870130   0.05454545
6    0.03073589   0.03057573   0.02184510  0.009552979   0.06976208
7    0.03217361   0.03460007   0.02606623  0.008291046   0.05943154
8    0.03956635   0.02875371   0.01855813  0.007336710   0.04619108
9    0.03879688   0.03873654   0.01997164  0.009080761   0.08540743
10   0.02775510   0.02122449   0.02163265  0.009795918   0.05020408
11   0.06002928   0.02586628   0.01659346  0.011713031   0.05222060
12   0.04275012   0.02846978   0.02453631  0.010178139   0.05554378
13   0.02839117   0.03670777   0.02638371  0.007456266   0.04014913
14   0.04157493   0.02992858   0.02110981  0.010034847   0.06881197
   X0.024219897 X0.012739426 X0.004945895 X0.003117413 X0.00989179 X0.029105842
1    0.02302168  0.008516464  0.005770104  0.004388733 0.006107788   0.03706990
2    0.01974249  0.009305776  0.009605499  0.003630271 0.006206914   0.05497793
3    0.02461166  0.011942074  0.007799725  0.004118343 0.006251006   0.04252216
4    0.01379522  0.009196812  0.005211527  0.005824647 0.002759044   0.03770693
5    0.01926407  0.011688312  0.008225108  0.003354978 0.004004329   0.08257576
6    0.02984971  0.018314872  0.007466480  0.010406492 0.008831339   0.03460435
7    0.02440496  0.010865418  0.016495287  0.004221957 0.005255361   0.05609717
8    0.02139488  0.009168865  0.006374977  0.004893325 0.005636222   0.04009760
9    0.02796633  0.010800374  0.005762211  0.002322985 0.007632667   0.03792198
10   0.02857143  0.008571429  0.007346939  0.006530612 0.004489796   0.07836735
11   0.02049780  0.012201074  0.015617374  0.007320644 0.008784773   0.06930210
12   0.02545980  0.011238468  0.014849468  0.004906544 0.007103802   0.05368081
13   0.01950100  0.006595928  0.005735589  0.004588471 0.004875251   0.07427588
14   0.02845029  0.013450030  0.008722040  0.007821299 0.005057335   0.05139009
   X0.006174875 X0.025029226
1   0.006851795   0.02487076
2   0.010008825   0.03363536
3   0.007906580   0.03095387
4   0.015328020   0.01532802
5   0.007467532   0.02067100
6   0.005565148   0.03660291
7   0.011106654   0.03574045
8   0.007274594   0.03086637
9   0.005551030   0.02896190
10  0.009795918   0.05061225
11  0.010248902   0.06149341
12  0.009326937   0.03185940
13  0.017780327   0.06165759
14  0.008265512   0.04221188

Clustering vector:
 [1]  6  6  1  9  7 12  2  3  6  3 12  2  8 14  3 14 12  6 13  4 11  7  1  1 14
[26]  8  5 10  7  8  1

Within cluster sum of squares by cluster:
 [1] 0.0014302597 0.0003892935 0.0009861384 0.0000000000 0.0000000000
 [6] 0.0015979897 0.0010867615 0.0006293639 0.0000000000 0.0000000000
[11] 0.0000000000 0.0008798640 0.0000000000 0.0012313108
 (between_SS / total_SS =  85.6 %)


 usa:
 K-means clustering with 3 clusters of sizes 28, 1, 22

Cluster means:
  X0.158730696 X0.082479565 X0.060905083 X0.190351977 X0.074349209 X0.020582385
1    0.1622242   0.08174593   0.06404913    0.2020305   0.07811298  0.019185825
2    0.1167769   0.05656731   0.03370995    0.1374415   0.06597042  0.008102282
3    0.1624843   0.08555005   0.07102235    0.2139521   0.08284118  0.020028295
  X0.043560322 X0.040903437 X0.026307511 X0.010574303 X0.06440404 X0.0339394
1   0.04550128   0.03915399   0.02608786  0.008746000  0.06424365 0.02989493
2   0.03802126   0.02545900   0.00999777  0.007953616  0.11677693 0.05656731
3   0.04725010   0.03731010   0.02516005  0.009033738  0.06377685 0.03121300
  X0.011547042 X0.006218755 X0.00105985 X0.009054701 X0.074929948 X0.017538341
1   0.01132902  0.008229159 0.001327919  0.006434126   0.05937183   0.01803236
2   0.03370995  0.137441463 0.065970416  0.008102282   0.03802126   0.02545900
3   0.01189204  0.008360684 0.001526269  0.006381777   0.05267724   0.01552461
  X0.072413409
1   0.07411412
2   0.00999777
3   0.05385282

Clustering vector:
 [1] 3 1 1 1 1 3 3 3 1 1 3 1 1 3 3 1 3 1 3 1 3 3 1 1 1 3 3 1 3 1 1 3 1 3 1 1 1 1
[39] 2 3 1 3 1 1 1 3 1 3 3 1 3

Within cluster sum of squares by cluster:
[1] 0.01030990 0.00000000 0.01453154
 (between_SS / total_SS =  64.8 %)

K-means clustering with 12 clusters of sizes 1, 3, 10, 4, 2, 3, 3, 8, 1, 2, 7, 7

Cluster means:
   X0.158730696 X0.082479565 X0.060905083 X0.190351977 X0.074349209
1     0.1701740   0.08583919   0.05663617    0.2007487   0.07678625
2     0.1643041   0.08656482   0.06575730    0.2054930   0.09291624
3     0.1655855   0.08460520   0.06358321    0.2009554   0.07969293
4     0.1612230   0.08603855   0.07848408    0.2006241   0.07824890
5     0.1577297   0.07955470   0.06795030    0.2272085   0.08241133
6     0.1610887   0.09124585   0.06989034    0.2212407   0.08350538
7     0.1621092   0.08288428   0.05983203    0.1872558   0.07616404
8     0.1585686   0.07954727   0.06572434    0.2122587   0.07802929
9     0.1167769   0.05656731   0.03370995    0.1374415   0.06597042
10    0.1554145   0.07958454   0.07222914    0.2465703   0.07914422
11    0.1656935   0.08535538   0.07269541    0.2087527   0.08340374
12    0.1612591   0.08010181   0.06400034    0.2003055   0.07628995
   X0.020582385 X0.043560322 X0.040903437 X0.026307511 X0.010574303 X0.06440404
1   0.016822711   0.03700820   0.03177820   0.02245978  0.013504186  0.06614927
2   0.017940162   0.03947032   0.04117801   0.01963366  0.011675765  0.08232248
3   0.018216070   0.04467549   0.04019079   0.02551491  0.008866842  0.06729454
4   0.021763938   0.05281122   0.03656757   0.02738479  0.008531182  0.06151117
5   0.019797386   0.04133202   0.03750216   0.02252420  0.009038354  0.07065587
6   0.021075209   0.04952373   0.03854929   0.02709759  0.008149949  0.05633793
7   0.020734916   0.05221570   0.03559505   0.02473578  0.008823144  0.06563921
8   0.019025518   0.04522793   0.03960979   0.02640910  0.008638568  0.06275475
9   0.008102282   0.03802126   0.02545900   0.00999777  0.007953616  0.11677693
10  0.020144400   0.04694687   0.03675505   0.02898373  0.007842867  0.05320656
11  0.020441188   0.04899595   0.03656187   0.02580335  0.008355216  0.06123083
12  0.019622792   0.04479257   0.03855495   0.02678859  0.008575546  0.06078514
   X0.0339394 X0.011547042 X0.006218755 X0.00105985 X0.009054701 X0.074929948
1  0.03731792  0.016380241  0.034601158 0.002044212  0.008884798   0.06338826
2  0.03377762  0.015113721  0.009165519 0.002088401  0.008394270   0.03792474
3  0.03073226  0.011455764  0.008758553 0.001191961  0.006247277   0.05863887
4  0.03335356  0.011006867  0.005202397 0.001091660  0.005095268   0.06202939
5  0.02785736  0.012339196  0.008451015 0.001501721  0.007021118   0.05278379
6  0.03263326  0.009749257  0.007441821 0.001019979  0.005794383   0.05391147
7  0.02824726  0.012047163  0.008007224 0.001331518  0.006865996   0.05980671
8  0.02954935  0.011600667  0.008174022 0.001597320  0.006832517   0.05612008
9  0.05656731  0.033709953  0.137441463 0.065970416  0.008102282   0.03802126
10 0.02775064  0.012955120  0.005067067 0.003336648  0.007288613   0.04459803
11 0.02931941  0.010672109  0.006984384 0.001090897  0.005706747   0.05504988
12 0.02983830  0.010720438  0.008027503 0.001288275  0.006060745   0.06277340
   X0.017538341 X0.072413409
1    0.01046884   0.04881329
2    0.01433956   0.05175173
3    0.01792945   0.06576111
4    0.01523328   0.05375005
5    0.01634332   0.05781976
6    0.01394854   0.04763921
7    0.01537554   0.09198804
8    0.01737462   0.07269375
9    0.02545900   0.00999777
10   0.01592917   0.05619416
11   0.01758829   0.05607493
12   0.01972858   0.08032764

Clustering vector:
 [1] 10  8  3  8  8 11  4  2  8  8 10 12  8 11  5  7  4  7  6  3 11 11 12 12 12
[26] 11 11  3  2  3  3  5  3  1 12 12  3  3  9  6  7  6 11 12  3  2  8  8  4  3
[51]  4

Within cluster sum of squares by cluster:
 [1] 0.0000000000 0.0010454490 0.0022521542 0.0008971531 0.0002015079
 [6] 0.0005360008 0.0010679446 0.0013100029 0.0000000000 0.0002925720
[11] 0.0009802529 0.0013608986
 (between_SS / total_SS =  85.9 %)

